version https://git-lfs.github.com/spec/v1
oid sha256:05da61067ae1a4f4273cf2e1b16b0b0f2abce940384ec0cf3994aba53d1aa30e
size 214
